49000.100000000	7.327102565	0.074533214
49000.200000000	7.330279122	0.077016362
49000.300000000	7.322706603	0.074584717
49000.400000000	7.316848502	0.074516039
49006.400000000	7.327744537	0.073303752
49012.400000000	7.323070394	0.076549592
49018.400000000	7.324759109	0.076315136
49024.400000000	7.330985200	0.074721884
49030.400000000	7.329889494	0.076733304
49036.400000000	7.324713237	0.078236564
49042.400000000	7.323710535	0.077496839
49048.400000000	7.327555663	0.078089180
49054.400000000	7.325553085	0.077298383
49060.400000000	7.333529573	0.075658179
49066.400000000	7.326031395	0.077331494
49072.400000000	7.327990175	0.075810290
49078.400000000	7.326876551	0.075522712
49084.400000000	7.325663383	0.075285058
49090.400000000	7.316798207	0.074790374
49096.400000000	7.324680471	0.076214434
49102.400000000	7.324893446	0.076180837
49108.400000000	7.320159561	0.077132613
49114.400000000	7.306841725	0.078187467
49120.400000000	7.321119040	0.077331494
49126.400000000	7.325584755	0.077941517
49132.400000000	7.325051809	0.079212120
49138.400000000	7.316660440	0.077892233
49144.400000000	7.316855062	0.077265257
49150.400000000	7.320680843	0.077232118
49156.400000000	7.318979164	0.079034170
49162.400000000	7.320033880	0.078839584
49168.400000000	7.319789068	0.076633152
49174.400000000	7.315661009	0.076933218
49180.400000000	7.313436402	0.076079958
49186.400000000	7.307801858	0.077364591
49192.400000000	7.312008753	0.074601877
49198.400000000	7.311223153	0.076315136
49204.400000000	7.316283209	0.077265257
49210.400000000	7.317997540	0.077908664
49216.400000000	7.313850969	0.078171094
49222.400000000	7.316098414	0.078023586
49228.400000000	7.308513392	0.078595674
49234.400000000	7.312695809	0.077496839
49240.400000000	7.310871904	0.076398953
49246.400000000	7.308109468	0.077099416
49252.400000000	7.319501622	0.075827172
49258.400000000	7.320177047	0.079244432
49264.400000000	7.312258201	0.075776514
49270.400000000	7.304684524	0.078888275
49276.400000000	7.313335764	0.078383672
49282.400000000	7.307330019	0.078269279
49288.400000000	7.306737713	0.079647222
49294.400000000	7.311797590	0.078039990
49300.400000000	7.302697584	0.079566827
49306.400000000	7.319319094	0.079309016
49312.400000000	7.305047022	0.080031994
49318.400000000	7.309085853	0.078514203
49324.400000000	7.308043787	0.079759639
49330.400000000	7.306480411	0.077661831
49336.400000000	7.309758956	0.074910079
49342.400000000	7.303849944	0.073721639
49348.400000000	7.306492455	0.077562878
49354.400000000	7.307035514	0.079983998
49360.400000000	7.304110623	0.078936937
49366.400000000	7.308251775	0.078530504
49372.400000000	7.310572071	0.077925092
49378.400000000	7.301020203	0.077941517
49384.400000000	7.298950061	0.079887921
49390.400000000	7.298502860	0.082147185
49396.400000000	7.302733735	0.081631367
49402.400000000	7.306628224	0.081238415
49408.400000000	7.302652669	0.079935974
49414.400000000	7.300195066	0.080589826
49420.400000000	7.293808882	0.082411650
49426.400000000	7.300409852	0.081505828
49432.400000000	7.291951728	0.081191133
49438.400000000	7.302054505	0.080287483
49444.400000000	7.304247531	0.079389672
49450.400000000	7.302206790	0.079823806
49456.400000000	7.297833103	0.080303425
49462.400000000	7.302067652	0.080605707
49468.400000000	7.295791664	0.079244432
49474.400000000	7.294958259	0.080780196
49480.400000000	7.300351772	0.080716789
49486.400000000	7.298375710	0.081001728
49492.400000000	7.293337233	0.079647222
49498.400000000	7.289471860	0.081191133
49504.400000000	7.293607064	0.080031994
49510.400000000	7.298325287	0.080319363
49516.400000000	7.298240884	0.080732645
49522.400000000	7.294283789	0.081678394
49528.400000000	7.293732104	0.082768110
49534.400000000	7.289134928	0.080985925
49540.400000000	7.286511374	0.083092238
49546.400000000	7.300524913	0.081348632
49552.400000000	7.298710023	0.082752643
49558.400000000	7.294353981	0.081819313
49564.400000000	7.290069959	0.080000000
49570.400000000	7.296274118	0.081332896
49576.400000000	7.292797543	0.082287302
49582.400000000	7.288257954	0.082131602
49588.400000000	7.285697770	0.082022436
49594.400000000	7.286827568	0.082737174
49600.400000000	7.291742179	0.084239658
49606.400000000	7.295184165	0.082907177
49612.400000000	7.293392078	0.083353704
49618.400000000	7.289107490	0.083046011
49624.400000000	7.284159251	0.084679159
49630.400000000	7.291873833	0.082053641
49636.400000000	7.290202741	0.083965707
49642.400000000	7.289390647	0.083828396
49648.400000000	7.292153591	0.081850596
49654.400000000	7.284865407	0.082396116
49660.400000000	7.282611619	0.082984336
49666.400000000	7.290089711	0.083169225
49672.400000000	7.289570632	0.085386650
49678.400000000	7.286930767	0.084558146
49684.400000000	7.290843573	0.083828396
49690.400000000	7.294732346	0.085101351
49696.400000000	7.288833103	0.087430887
49702.400000000	7.291315382	0.083736730
49708.400000000	7.282630294	0.086887513
49714.400000000	7.288837493	0.087122902
49720.400000000	7.290936840	0.085835191
49726.400000000	7.281117497	0.087313687
49732.400000000	7.280232963	0.089970662
49738.400000000	7.278140422	0.085386650
49744.400000000	7.286575053	0.090509668
49750.400000000	7.283858318	0.090325633
49756.400000000	7.281543792	0.090834355
49762.400000000	7.278733956	0.089685673
49768.400000000	7.275393048	0.089984888
49774.400000000	7.268827691	0.090622734
49780.400000000	7.274965292	0.090749766
49786.400000000	7.273778660	0.091045483
49792.400000000	7.271944994	0.093514491
49798.400000000	7.268643890	0.092357566
49804.400000000	7.270237410	0.094913856
49810.400000000	7.278309694	0.093951477
49816.400000000	7.266742874	0.095331002
49822.400000000	7.275981308	0.097166249
49828.400000000	7.271057145	0.096809917
49834.400000000	7.268183817	0.096690848
49840.400000000	7.268161803	0.099290281
49846.400000000	7.263162947	0.099212902
49852.400000000	7.272169415	0.099431987
49858.400000000	7.270540007	0.100278014
49864.400000000	7.267337339	0.101697591
49870.400000000	7.265735476	0.099122550
49876.400000000	7.262374267	0.102499951
49882.400000000	7.270027235	0.104466645
49888.400000000	7.265595640	0.105890509
49894.400000000	7.267869014	0.108292936
49900.400000000	7.270261618	0.109748804
49906.400000000	7.260078236	0.108788235
49912.400000000	7.269948005	0.111323672
49918.400000000	7.271685362	0.114721227
49924.400000000	7.264686091	0.114754695
49930.400000000	7.259080934	0.115344354
49936.400000000	7.262535095	0.114643098
49942.400000000	7.256346188	0.117966775
49948.400000000	7.258294014	0.120574624
49954.400000000	7.267545390	0.123096060
49960.400000000	7.270198897	0.123366122
49966.400000000	7.267096256	0.127116954
49972.400000000	7.261202104	0.131618844
49978.400000000	7.269578255	0.133165761
49984.400000000	7.260264458	0.135150287
49990.400000000	7.254219186	0.139319489
49996.400000000	7.258918928	0.143804311
50002.400000000	7.258255438	0.149666295
50008.400000000	7.263083643	0.153741601
50014.400000000	7.255809259	0.160805970
50020.400000000	7.263944934	0.168030473
50026.400000000	7.261697873	0.174304561
50032.400000000	7.259557011	0.185510323
50038.400000000	7.255175256	0.195560323
50044.400000000	7.252500810	0.211962261
50050.400000000	7.257351583	0.229938427
50056.400000000	7.253801210	0.250460057
50062.400000000	7.247782557	0.274408163
50068.400000000	7.255745310	0.313248783
50074.400000000	7.256775041	0.370271252
50080.400000000	7.249324382	0.449733788
50086.400000000	7.255855566	0.589714507
50092.400000000	7.246871877	0.882727410
50098.400000000	7.240270713	1.781133482
50104.400000000	7.220993837	4.381921259
50110.400000000	7.235297921	1.233065513
50116.400000000	7.255993385	0.655931704
50122.400000000	7.247152268	0.437827363
50128.400000000	7.246392758	0.321141962
50134.400000000	7.248557374	0.252404754
50140.400000000	7.255754130	0.207050139
50146.400000000	7.244115957	0.177772889
50152.400000000	7.246138834	0.150434039
50158.400000000	7.243239054	0.130955870
50164.400000000	7.253565192	0.115410918
50170.400000000	7.255826900	0.100418325
50176.400000000	7.244214243	0.092204989
50182.400000000	7.242544304	0.086651486
50188.400000000	7.248430451	0.078920720
50194.400000000	7.243882937	0.074670476
50200.400000000	7.248412792	0.070345433
50206.400000000	7.237741084	0.068333301
50212.400000000	7.242700049	0.063799687
50218.400000000	7.241912455	0.060356276
50224.400000000	7.243374904	0.059070128
50230.400000000	7.239840882	0.058350664
50236.400000000	7.234576975	0.055054882
50242.400000000	7.242471401	0.054798540
50248.400000000	7.241689306	0.052581366
50254.400000000	7.240142540	0.053617907
50260.400000000	7.240324855	0.051845926
50266.400000000	7.233862592	0.052141346
50272.400000000	7.238336826	0.049444919
50278.400000000	7.239775687	0.051895279
50284.400000000	7.232705718	0.050924257
50290.400000000	7.236999378	0.050087923
50296.400000000	7.232232297	0.050469793
50302.400000000	7.233390353	0.051919938
50308.400000000	7.236506339	0.051224994
50314.400000000	7.232129424	0.051099902
50320.400000000	7.233972076	0.050949387
50326.400000000	7.230091562	0.052288431
50332.400000000	7.239912707	0.052848463
50338.400000000	7.234363552	0.052945255
50344.400000000	7.232081858	0.052581366
50350.400000000	7.229271609	0.051895279
50356.400000000	7.230611592	0.053017733
50362.400000000	7.231582953	0.053402622
50368.400000000	7.229305914	0.052018458
50374.400000000	7.227974543	0.052896881
50380.400000000	7.229543831	0.053450538
50386.400000000	7.225546900	0.053903618
50392.400000000	7.230265279	0.054751804
50398.400000000	7.227076864	0.054705027
50404.400000000	7.233453394	0.053737138
50410.400000000	7.224737504	0.055793906
50416.400000000	7.219478097	0.056319091
50422.400000000	7.221029290	0.055078126
50428.400000000	7.235544485	0.056250867
50434.400000000	7.221251969	0.055702065
50440.400000000	7.222423970	0.056500619
50446.400000000	7.220529620	0.056591165
50452.400000000	7.219495827	0.057019295
50458.400000000	7.222439477	0.057555538
50464.400000000	7.226398273	0.057153828
50470.400000000	7.218409797	0.056996842
50476.400000000	7.223605748	0.055564017
50482.400000000	7.217448857	0.058482134
50488.400000000	7.226411558	0.057777504
50494.400000000	7.228163806	0.058328724
50500.400000000	7.217836795	0.057421947
50506.400000000	7.214084003	0.060165106
50512.400000000	7.213908788	0.057666628
50518.400000000	7.222927938	0.058744191
50524.400000000	7.226523369	0.060778944
50530.400000000	7.227791917	0.058504017
50536.400000000	7.217400086	0.058196907
50542.400000000	7.226301959	0.059802341
50548.400000000	7.224722002	0.059070128
50554.400000000	7.215136312	0.060546841
50560.400000000	7.214604078	0.059802341
50566.400000000	7.219098005	0.059652326
50572.400000000	7.221958737	0.058896519
50578.400000000	7.219505800	0.061926408
50584.400000000	7.227072436	0.059135100
50590.400000000	7.219851522	0.060101248
50596.400000000	7.214975537	0.059780933
50602.400000000	7.207523847	0.060037322
50608.400000000	7.220969464	0.059802341
50614.400000000	7.209946463	0.060736809
50620.400000000	7.212889574	0.059780933
50626.400000000	7.208802397	0.060250145
50632.400000000	7.218730082	0.060441046
50638.400000000	7.211990017	0.061156848
50644.400000000	7.204571882	0.062029670
50650.400000000	7.209556991	0.061615582
50656.400000000	7.214862438	0.062400000
50662.400000000	7.210493464	0.062112157
50668.400000000	7.214343491	0.058939969
50674.400000000	7.211843592	0.061698622
50680.400000000	7.208167590	0.062625235
50686.400000000	7.209833285	0.061781551
50692.400000000	7.213441897	0.060462220
50698.400000000	7.214264758	0.062153359
50704.400000000	7.209073172	0.061719365
50710.400000000	7.204648499	0.063618865
50716.400000000	7.203349221	0.061781551
50722.400000000	7.203800108	0.063194937
50728.400000000	7.201934185	0.063296129
50734.400000000	7.198432051	0.063477870
50740.400000000	7.209199678	0.064199688
50746.400000000	7.203456948	0.064398758
50752.400000000	7.202278528	0.064319204
50758.400000000	7.213731351	0.063215188
50764.400000000	7.205363558	0.064139847
50770.400000000	7.204904996	0.064139847
50776.400000000	7.195968872	0.064438498
50782.400000000	7.204624071	0.066202115
50788.400000000	7.205869830	0.064577395
50794.400000000	7.203101554	0.063659092
50800.400000000	7.213238940	0.064438498
50806.400000000	7.204596311	0.063919950
50812.400000000	7.205193682	0.062951410
50818.400000000	7.210279329	0.063638982
50824.400000000	7.205968637	0.061303181
50830.400000000	7.201249892	0.061885055
50836.400000000	7.205742155	0.059887895
50842.400000000	7.200301105	0.062666099
50848.400000000	7.204041088	0.060842091
50854.400000000	7.211212381	0.062194534
50860.400000000	7.203833424	0.062910730
50866.400000000	7.204751765	0.063073291
50872.400000000	7.200719964	0.061843674
50878.400000000	7.204515251	0.062788534
50884.400000000	7.198484285	0.060143828
50890.400000000	7.197236136	0.060589108
50896.400000000	7.199775552	0.060821049
50902.400000000	7.202267421	0.063417348
50908.400000000	7.210791912	0.063879887
50914.400000000	7.199363305	0.062153359
50920.400000000	7.202705047	0.063899922
50926.400000000	7.200126666	0.063356768
50932.400000000	7.200309993	0.066221447
50938.400000000	7.196544726	0.062461508
50944.400000000	7.192460497	0.062009032
50950.400000000	7.193231263	0.061574020
50956.400000000	7.200576644	0.064259474
50962.400000000	7.190630570	0.064913481
50968.400000000	7.201622040	0.064636832
50974.400000000	7.199088831	0.066260094
50980.400000000	7.194639115	0.065930873
50986.400000000	7.183379706	0.066318022
50992.400000000	7.193345814	0.065385014
50998.400000000	7.202455137	0.065385014
51004.400000000	7.199228848	0.067750129
51010.400000000	7.194902640	0.064933196
51016.400000000	7.187269857	0.065619509
51022.400000000	7.193718371	0.066472250
51028.400000000	7.191600656	0.066066633
51034.400000000	7.196491367	0.065110368
51040.400000000	7.202756139	0.065188956
51046.400000000	7.191630691	0.064219623
51052.400000000	7.186351508	0.066163434
51058.400000000	7.194153182	0.065658510
51064.400000000	7.194951563	0.065502366
51070.400000000	7.193085569	0.063073291
51076.400000000	7.198085301	0.063316349
51082.400000000	7.196511377	0.065989090
51088.400000000	7.196503595	0.064775304
51094.400000000	7.188024485	0.064537741
51100.400000000	7.191027743	0.061822973
51106.400000000	7.186550772	0.065090706
51112.400000000	7.188827999	0.064259474
51118.400000000	7.189595816	0.064179748
51124.400000000	7.188919251	0.066124731
51130.400000000	7.181812585	0.062992063
51136.400000000	7.191984427	0.064119888
51142.400000000	7.183997773	0.066144085
51148.400000000	7.184498869	0.064159800
51154.400000000	7.180928074	0.064199688
51160.400000000	7.192996594	0.064617026
51166.400000000	7.194393373	0.062091545
51172.400000000	7.187285440	0.063174678
51178.400000000	7.192127919	0.064059972
51184.400000000	7.193686120	0.063659092
51190.400000000	7.183473255	0.062604792
51196.400000000	7.191372609	0.063296129
51202.400000000	7.184785035	0.061926408
51208.400000000	7.183949888	0.064517904
51214.400000000	7.186261337	0.064498062
51220.400000000	7.181739065	0.064913481
51226.400000000	7.188002226	0.061740100
51232.400000000	7.189930737	0.062441012
51238.400000000	7.189255316	0.063819746
51244.400000000	7.184981002	0.063336561
51250.400000000	7.187357790	0.063316349
51256.400000000	7.187670554	0.063457702
51262.400000000	7.189768286	0.063618865
51268.400000000	7.197468444	0.062788534
51274.400000000	7.182675825	0.061698622
51280.400000000	7.194229910	0.062420509
51286.400000000	7.182339452	0.061574020
51292.400000000	7.197744091	0.062829293
51298.400000000	7.184021158	0.062951410
51304.400000000	7.191294737	0.063457702
51310.400000000	7.182261482	0.062256245
51316.400000000	7.182377322	0.061031140
51322.400000000	7.196419110	0.063032690
51328.400000000	7.188490801	0.063397161
51334.400000000	7.193996386	0.063939972
51340.400000000	7.183600212	0.063012380
51346.400000000	7.186042026	0.063012380
51352.400000000	7.182975428	0.062194534
51358.400000000	7.177257415	0.063679196
51364.400000000	7.183718257	0.064577395
51370.400000000	7.177586224	0.062910730
51376.400000000	7.168870483	0.063073291
51382.400000000	7.178616023	0.062215111
51388.400000000	7.180025627	0.065228215
51394.400000000	7.182517664	0.064458359
51400.400000000	7.180289688	0.063255672
51406.400000000	7.177021109	0.062461508
51412.400000000	7.177197225	0.063979997
51418.400000000	7.181316871	0.063073291
51424.400000000	7.173848061	0.063215188
51430.400000000	7.178285032	0.063819746
51436.400000000	7.178602650	0.063518186
51442.400000000	7.171191254	0.065188956
51448.400000000	7.178353014	0.064119888
51454.400000000	7.185731417	0.064854298
51460.400000000	7.178533555	0.061781551
51466.400000000	7.173762193	0.065580485
51472.400000000	7.183521142	0.066606907
51478.400000000	7.168897265	0.065892033
51484.400000000	7.178747523	0.065716969
51490.400000000	7.170319937	0.064219623
51496.400000000	7.179001602	0.064617026
51502.400000000	7.177041173	0.064259474
51508.400000000	7.171000488	0.064139847
51514.400000000	7.171365281	0.065697489
51520.400000000	7.175133727	0.064715995
51526.400000000	7.171346317	0.062153359
51532.400000000	7.173420941	0.064438498
51538.400000000	7.174485905	0.065090706
51544.400000000	7.172834307	0.064279390
51550.400000000	7.169406112	0.064854298
51556.400000000	7.172844345	0.064696213
51562.400000000	7.169900418	0.064339102
51568.400000000	7.167631687	0.065521905
51574.400000000	7.174527162	0.063194937
51580.400000000	7.171390939	0.065287058
51586.400000000	7.171551575	0.063699294
51592.400000000	7.170737201	0.063939972
51598.400000000	7.173639523	0.064319204
51604.400000000	7.166686264	0.064398758
51610.400000000	7.174586260	0.062091545
51616.400000000	7.178749752	0.063618865
51622.400000000	7.176676668	0.061677873
51628.400000000	7.172711621	0.064199688
51634.400000000	7.173960691	0.063336561
51640.400000000	7.173849176	0.063899922
51646.400000000	7.174910731	0.062009032
51652.400000000	7.164873202	0.064119888
51658.400000000	7.170622288	0.064418631
51664.400000000	7.174989895	0.062604792
51670.400000000	7.171028378	0.065110368
51676.400000000	7.172207471	0.065697489
51682.400000000	7.168861555	0.064000000
51688.400000000	7.170925742	0.064358993
51694.400000000	7.170733854	0.065031685
51700.400000000	7.168641712	0.064636832
51706.400000000	7.164244552	0.065482822
51712.400000000	7.159726252	0.065169318
51718.400000000	7.162974801	0.067219045
51724.400000000	7.161127286	0.062666099
51730.400000000	7.164447781	0.064458359
51736.400000000	7.162730206	0.064179748
51742.400000000	7.167100390	0.063376967
51748.400000000	7.162335932	0.064119888
51754.400000000	7.169499843	0.065169318
51760.400000000	7.168287941	0.064099922
51766.400000000	7.166042143	0.064000000
51772.400000000	7.167626106	0.062358961
51778.400000000	7.173275960	0.064179748
51784.400000000	7.165387917	0.064557571
51790.400000000	7.176560736	0.062441012
51796.400000000	7.161565192	0.065326258
51802.400000000	7.167296841	0.063719385
51808.400000000	7.162773764	0.063336561
51814.400000000	7.155174911	0.064498062
51820.400000000	7.159064743	0.063032690
51826.400000000	7.165476118	0.063538335
51832.400000000	7.172209701	0.063959987
51838.400000000	7.167909598	0.064299300
51844.400000000	7.166274346	0.064874032
51850.400000000	7.166190620	0.064577395
51856.400000000	7.166143733	0.064059972
51862.400000000	7.164042434	0.063558477
51868.400000000	7.168237719	0.062931073
51874.400000000	7.163557775	0.064874032
51880.400000000	7.168234371	0.065502366
51886.400000000	7.159587698	0.065775375
51892.400000000	7.164023451	0.065502366
51898.400000000	7.164930146	0.066414456
51904.400000000	7.161912594	0.066240773
51910.400000000	7.152844469	0.065716969
51916.400000000	7.158197538	0.065267450
51922.400000000	7.152776244	0.064159800
51928.400000000	7.157167037	0.066298718
51934.400000000	7.163929648	0.067693427
51940.400000000	7.153563587	0.065502366
51946.400000000	7.157752720	0.067504074
51952.400000000	7.159869273	0.066932802
51958.400000000	7.162219768	0.066279409
51964.400000000	7.156048071	0.067257119
51970.400000000	7.155728335	0.067276147
51976.400000000	7.159145200	0.066529993
51982.400000000	7.158331649	0.065326258
51988.400000000	7.163912897	0.067976467
51994.400000000	7.158004191	0.064597214
52000.400000000	7.160644664	0.070126742
52006.400000000	7.156327550	0.066008484
52012.400000000	7.157415176	0.066356612
52018.400000000	7.148668128	0.065463272
52024.400000000	7.155188327	0.064557571
52030.400000000	7.159565350	0.064933196
52036.400000000	7.159264767	0.066549230
52042.400000000	7.151967561	0.065208588
52048.400000000	7.165036218	0.067466140
52054.400000000	7.159560880	0.066587687
52060.400000000	7.162979268	0.067636676
52066.400000000	7.155657901	0.064952906
52072.400000000	7.152699071	0.065169318
52078.400000000	7.158833425	0.066741292
52084.400000000	7.153748109	0.068482991
52090.400000000	7.152389251	0.067995294
52096.400000000	7.154873025	0.067142833
52102.400000000	7.156024595	0.067371210
52108.400000000	7.155231932	0.067466140
52114.400000000	7.146818033	0.067466140
52120.400000000	7.149471589	0.066990149
52126.400000000	7.152696834	0.065658510
52132.400000000	7.155031796	0.066240773
52138.400000000	7.149288076	0.066837115
52144.400000000	7.146713930	0.066260094
52150.400000000	7.164685618	0.067009253
52156.400000000	7.146446390	0.065385014
52162.400000000	7.157355936	0.066529993
52168.400000000	7.148863966	0.068126940
52174.400000000	7.160184355	0.068014116
52180.400000000	7.157386115	0.067161894
52186.400000000	7.149166105	0.069041437
52192.400000000	7.145771337	0.065424155
52198.400000000	7.158499284	0.068370754
52204.400000000	7.151923937	0.066472250
52210.400000000	7.146961312	0.068874378
52216.400000000	7.153233674	0.067142833
52222.400000000	7.148462212	0.067901105
52228.400000000	7.147728031	0.067295171
52234.400000000	7.151495508	0.068613701
52240.400000000	7.152363525	0.067352209
52246.400000000	7.154520809	0.067333201
52252.400000000	7.154820473	0.066932802
52258.400000000	7.146027708	0.068126940
52264.400000000	7.155609827	0.070381816
52270.400000000	7.148968037	0.068539040
52276.400000000	7.151459711	0.067750129
52282.400000000	7.150687799	0.066971039
52288.400000000	7.152389251	0.068070552
52294.400000000	7.149027346	0.066433726
52300.400000000	7.151984340	0.067200000
52306.400000000	7.162134877	0.068145726
52312.400000000	7.153118481	0.067200000
52318.400000000	7.155825599	0.067957634
52324.400000000	7.156941246	0.066702923
52330.400000000	7.148196975	0.066645330
52336.400000000	7.155366098	0.068520362
52342.400000000	7.156418098	0.067844528
52348.400000000	7.153631805	0.066433726
52354.400000000	7.152980917	0.066760467
52360.400000000	7.149557749	0.066008484
52366.400000000	7.149355216	0.065872604
52372.400000000	7.151478728	0.065794833
52378.400000000	7.158124894	0.067085617
52384.400000000	7.158337237	0.067257119
52390.400000000	7.156498585	0.067161894
52396.400000000	7.148992656	0.066452991
52402.400000000	7.150559139	0.067787905
52408.400000000	7.145644827	0.066086005
52414.400000000	7.147357554	0.068725541
52420.400000000	7.152112974	0.066971039
52426.400000000	7.158865832	0.066971039
52432.400000000	7.159735191	0.069134073
52438.400000000	7.157295579	0.065365434
52444.400000000	7.154334071	0.067919953
52450.400000000	7.153467411	0.064775304
52456.400000000	7.159081505	0.070490850
52462.400000000	7.150954062	0.065090706
52468.400000000	7.152258385	0.068089353
52474.400000000	7.152340037	0.066817962
52480.400000000	7.149799438	0.066683731
52486.400000000	7.157209512	0.067333201
52492.400000000	7.156746747	0.067314189
52498.400000000	7.153297421	0.066913676
52504.400000000	7.155653429	0.067598817
52510.400000000	7.158122659	0.065188956
52516.400000000	7.157568302	0.068818602
52522.400000000	7.150809744	0.067276147
52528.400000000	7.158481403	0.066472250
52534.400000000	7.157153624	0.067863392
52540.400000000	7.151793062	0.068539040
52546.400000000	7.146448629	0.067257119
52552.400000000	7.156558950	0.068370754
52558.400000000	7.151926174	0.067787905
52564.400000000	7.147154958	0.067655598
52570.400000000	7.145540707	0.069484962
52576.400000000	7.143117527	0.067447165
52582.400000000	7.148111919	0.068145726
52588.400000000	7.157870074	0.066664533
52594.400000000	7.163069733	0.067901105
52600.400000000	7.160763088	0.067009253
52606.400000000	7.150013147	0.068967239
52612.400000000	7.148063794	0.067598817
52618.400000000	7.159092680	0.066990149
52624.400000000	7.149525299	0.069466539
52630.400000000	7.152853417	0.068314567
52636.400000000	7.153090521	0.068032933
52642.400000000	7.157550419	0.067844528
52648.400000000	7.154924458	0.067787905
52654.400000000	7.158158422	0.067541987
52660.400000000	7.155302370	0.067295171
52666.400000000	7.155927333	0.067976467
52672.400000000	7.152920522	0.066472250
52678.400000000	7.151045798	0.066549230
52684.400000000	7.158977581	0.068426895
52690.400000000	7.159427910	0.067066534
52696.400000000	7.162912257	0.065911456
52702.400000000	7.157122327	0.068445599
52708.400000000	7.161769614	0.066182777
52714.400000000	7.158726144	0.066182777
52720.400000000	7.157383880	0.065208588
52726.400000000	7.162214183	0.064854298
52732.400000000	7.144796148	0.065755912
52738.400000000	7.160340774	0.065775375
52744.400000000	7.161988551	0.067390207
52750.400000000	7.162084613	0.066318022
52756.400000000	7.161109411	0.068800000
52762.400000000	7.162619633	0.066779638
52768.400000000	7.152000000	0.068389473
52774.400000000	7.155892677	0.066337320
52780.400000000	7.159833518	0.069171092
52786.400000000	7.159380979	0.067712333
52792.400000000	7.152864601	0.069115555
52798.400000000	7.165633538	0.069318973
52804.400000000	7.157938251	0.067161894
52810.400000000	7.156377855	0.067428184
52816.400000000	7.158308180	0.069392795
52822.400000000	7.158390881	0.067579879
52828.400000000	7.161046851	0.068781393
52834.400000000	7.161592002	0.069613792
52840.400000000	7.157406234	0.067598817
52846.400000000	7.156741158	0.067028352
52852.400000000	7.160122904	0.066047256
52858.400000000	7.154328480	0.067009253
52864.400000000	7.158262359	0.065639013
52870.400000000	7.154843954	0.067180950
52876.400000000	7.158229949	0.068183282
52882.400000000	7.154318416	0.067047446
52888.400000000	7.161466889	0.067523033
52894.400000000	7.160704993	0.069226584
52900.400000000	7.158221008	0.069687302
52906.400000000	7.149543202	0.067901105
52912.400000000	7.151351201	0.068482991
52918.400000000	7.156934539	0.068930110
52924.400000000	7.155760756	0.068874378
52930.400000000	7.152881377	0.069870738
52936.400000000	7.159138496	0.068967239
52942.400000000	7.155729453	0.069115555
52948.400000000	7.148115276	0.070599717
52954.400000000	7.155261002	0.068669644
52960.400000000	7.164423215	0.070563447
52966.400000000	7.150741500	0.070381816
52972.400000000	7.154274806	0.068557713
52978.400000000	7.158057837	0.070053694
52984.400000000	7.156479581	0.070454524
52990.400000000	7.156140859	0.069724027
52996.400000000	7.155338147	0.070436354
53002.400000000	7.152165546	0.069650556
53008.400000000	7.150246989	0.071231454
53014.400000000	7.163661634	0.072725236
53020.400000000	7.154228959	0.070217946
53026.400000000	7.157276577	0.072848336
53032.400000000	7.159991061	0.071625694
53038.400000000	7.160274855	0.072654800
53044.400000000	7.155238640	0.072707634
53050.400000000	7.146136299	0.071679286
53056.400000000	7.153144204	0.071554175
53062.400000000	7.154959119	0.070744611
53068.400000000	7.161171971	0.071159539
53074.400000000	7.161796423	0.069742383
53080.400000000	7.156053661	0.070617845
53086.400000000	7.151778520	0.069779080
53092.400000000	7.161349593	0.070400000
53098.400000000	7.163228322	0.070835020
53104.400000000	7.155851312	0.071679286
53110.400000000	7.157956133	0.070961398
53116.400000000	7.161518275	0.070126742
53122.400000000	7.158047779	0.069484962
53128.400000000	7.165903711	0.072566659
53134.400000000	7.151213603	0.072283885
53140.400000000	7.161635567	0.068295827
53146.400000000	7.164302618	0.070144993
53152.400000000	7.159799997	0.071446763
53158.400000000	7.157866721	0.071195505
53164.400000000	7.160549700	0.069998857
53170.400000000	7.153524446	0.071982220
53176.400000000	7.154130555	0.070654087
53182.400000000	7.158861362	0.070345433
53188.400000000	7.161295972	0.073391008
53194.400000000	7.160824534	0.071911056
53200.400000000	7.158091366	0.071500490
53206.400000000	7.162997138	0.071410924
53212.400000000	7.170321053	0.069152585
53218.400000000	7.156253769	0.071554175
53224.400000000	7.166977606	0.072690027
53230.400000000	7.159564233	0.070708415
53236.400000000	7.164061418	0.070635968
53242.400000000	7.166658357	0.072619557
53248.400000000	7.163350054	0.072035547
53254.400000000	7.165598928	0.070071963
53260.400000000	7.159488250	0.070889209
53266.400000000	7.161848923	0.070889209
53272.400000000	7.153399192	0.072266175
53278.400000000	7.169535550	0.071482585
53284.400000000	7.165908177	0.070979434
53290.400000000	7.160135194	0.073669532
53296.400000000	7.158486991	0.072142082
53302.400000000	7.169489801	0.074567553
53308.400000000	7.170840955	0.072760429
53314.400000000	7.167228753	0.071159539
53320.400000000	7.165611209	0.072106588
53326.400000000	7.159493837	0.071285342
53332.400000000	7.166399375	0.073076398
53338.400000000	7.161015570	0.070635968
53344.400000000	7.161069194	0.072883469
53350.400000000	7.166786728	0.073076398
53356.400000000	7.159553059	0.071285342
53362.400000000	7.172442820	0.071589943
53368.400000000	7.164720232	0.069870738
53374.400000000	7.164247902	0.069134073
53380.400000000	7.173801224	0.072901029
53386.400000000	7.168505563	0.071714991
53446.400000000	7.170304317	0.071500490
53506.400000000	7.168082589	0.072425410
53566.400000000	7.177147066	0.073512992
53626.400000000	7.183684848	0.072690027
53686.400000000	7.176501655	0.070472690
53746.400000000	7.186073198	0.071464677
53806.400000000	7.192008899	0.070071963
53866.400000000	7.187791872	0.069503381
53926.400000000	7.193961913	0.070979434
53986.400000000	7.189763835	0.072266175
54046.400000000	7.198250899	0.070708415
54106.400000000	7.197312832	0.069705667
54166.400000000	7.204212101	0.071446763
54226.400000000	7.206811223	0.070979434
54286.400000000	7.209664625	0.071159539
54346.400000000	7.212997158	0.069687302
54406.400000000	7.215646333	0.072619557
54466.400000000	7.222305449	0.069779080
54526.400000000	7.229525019	0.071051531
54586.400000000	7.227322602	0.072936136
54646.400000000	7.233531917	0.072865904
54706.400000000	7.231815263	0.071804178
54766.400000000	7.242186410	0.073286288
54826.400000000	7.243690772	0.072513723
54886.400000000	7.250390334	0.073443311
54946.400000000	7.251193557	0.072707634
55006.400000000	7.257675661	0.069870738
55066.400000000	7.257749513	0.074653332
55126.400000000	7.267937259	0.071231454
55186.400000000	7.264892016	0.069889055
55246.400000000	7.277596306	0.072601928
55306.400000000	7.274991684	0.073877737
55366.400000000	7.288360035	0.072496069
55426.400000000	7.286710094	0.071446763
55486.400000000	7.292725142	0.070726516
55546.400000000	7.290994994	0.071946647
55606.400000000	7.296228067	0.073443311
55666.400000000	7.296064693	0.074016214
55726.400000000	7.303134669	0.075844051
55786.400000000	7.305558432	0.072848336
55846.400000000	7.302882718	0.073981619
55906.400000000	7.308273668	0.075285058
55966.400000000	7.314229419	0.073791056
56026.400000000	7.314023790	0.075776514
56086.400000000	7.311911378	0.075793403
56146.400000000	7.322071838	0.072813186
56206.400000000	7.318473065	0.076649853
56266.400000000	7.323140310	0.075420952
56326.400000000	7.327819867	0.075420952
56386.400000000	7.328051310	0.073460738
56446.400000000	7.329986630	0.074257929
56506.400000000	7.333064844	0.075894664
56566.400000000	7.339779833	0.075995789
56626.400000000	7.338132733	0.072760429
56686.400000000	7.338647287	0.072619557
56746.400000000	7.350088979	0.072971227
56806.400000000	7.344937849	0.074790374
56866.400000000	7.342325517	0.075776514
56926.400000000	7.349992109	0.074550386
56986.400000000	7.354092194	0.072513723
57046.400000000	7.346429881	0.075114845
57106.400000000	7.349937687	0.073721639
57166.400000000	7.348469228	0.076281584
57226.400000000	7.349595907	0.075012532
57286.400000000	7.348124114	0.074704752
57346.400000000	7.349519712	0.075268054
57406.400000000	7.357039622	0.076012631
57466.400000000	7.349610058	0.073128927
57526.400000000	7.349157231	0.076766659
57586.400000000	7.359453241	0.075114845
57646.400000000	7.354889530	0.077165796
57706.400000000	7.353430764	0.076029468
57766.400000000	7.354552332	0.076465940
57826.400000000	7.353469929	0.075995789
57886.400000000	7.347297735	0.078920720
57946.400000000	7.345767761	0.076683245
58006.400000000	7.345109938	0.077364591
58066.400000000	7.342117406	0.077049594
58126.400000000	7.345618558	0.076281584
58186.400000000	7.343248328	0.077529865
58246.400000000	7.339525870	0.078644517
58306.400000000	7.345374599	0.074584717
58366.400000000	7.335285680	0.077082813
58426.400000000	7.337087160	0.076516142
58486.400000000	7.331411869	0.077381135
58546.400000000	7.331291837	0.077215542
58606.400000000	7.331974904	0.076833326
58666.400000000	7.326973727	0.078138339
58726.400000000	7.325573834	0.078823347
58786.400000000	7.323523742	0.075810290
58846.400000000	7.317839025	0.077116016
58906.400000000	7.313056816	0.073704274
58966.400000000	7.312853342	0.076315136
59026.400000000	7.310721989	0.076583027
59086.400000000	7.308875700	0.075454887
59146.400000000	7.308165296	0.075319055
59206.400000000	7.297898876	0.075675095
59266.400000000	7.293260451	0.077099416
59326.400000000	7.289750613	0.079260583
59386.400000000	7.291606133	0.075046652
59446.400000000	7.289570632	0.075995789
59506.400000000	7.286050233	0.077314940
59566.400000000	7.278706478	0.076616447
59626.400000000	7.276264976	0.078416325
59686.400000000	7.262940451	0.075319055
59746.400000000	7.272515933	0.076683245
59806.400000000	7.264700407	0.078758365
59866.400000000	7.267095156	0.075029594
59926.400000000	7.262825896	0.076063132
59986.400000000	7.254188307	0.077579379
60046.400000000	7.258107742	0.074995467
60106.400000000	7.255644975	0.075148919
60166.400000000	7.246407110	0.076264802
60226.400000000	7.241072849	0.076113599
60286.400000000	7.237353107	0.075877796
60346.400000000	7.234512838	0.074584717
60406.400000000	7.229238411	0.077430743
60466.400000000	7.225851369	0.074995467
60526.400000000	7.234007465	0.073425881
60586.400000000	7.220350130	0.075877796
60646.400000000	7.225039792	0.072760429
60706.400000000	7.217996398	0.073669532
60766.400000000	7.221823592	0.072354682
60826.400000000	7.204977169	0.077480320
60886.400000000	7.208966639	0.072830763
60946.400000000	7.211342177	0.075182977
61006.400000000	7.204342024	0.075165950
61066.400000000	7.198129757	0.074326846
61126.400000000	7.201714240	0.075080757
61186.400000000	7.195450785	0.075268054
61246.400000000	7.186374886	0.076532869
61306.400000000	7.190539340	0.073565209
61366.400000000	7.191859843	0.075877796
61426.400000000	7.180675177	0.074653332
61486.400000000	7.188514172	0.072390055
61546.400000000	7.177583995	0.077859360
61606.400000000	7.178127890	0.077182381
61666.400000000	7.175189475	0.075658179
61726.400000000	7.174344291	0.075471849
61786.400000000	7.175555170	0.074550386
61846.400000000	7.174894006	0.077397674
61906.400000000	7.173917201	0.077628861
61966.400000000	7.167368276	0.076365437
62026.400000000	7.165221560	0.073443311
62086.400000000	7.165909293	0.076649853
62146.400000000	7.162710102	0.076164034
62206.400000000	7.163906197	0.076348674
62266.400000000	7.156244825	0.075387002
62326.400000000	7.158701558	0.076766659
62386.400000000	7.165093161	0.076482678
62446.400000000	7.158854657	0.076649853
62506.400000000	7.164154102	0.074670476
62566.400000000	7.167623874	0.076432454
62626.400000000	7.160755267	0.076916578
62686.400000000	7.157064203	0.077348045
62746.400000000	7.157303403	0.074257929
62806.400000000	7.167496634	0.075675095
62866.400000000	7.165765277	0.075114845
62926.400000000	7.159429028	0.076516142
62986.400000000	7.162831842	0.079421911
63046.400000000	7.166436213	0.076046302
63106.400000000	7.166227459	0.076432454
63166.400000000	7.174125731	0.076966486
63226.400000000	7.170063319	0.078023586
63286.400000000	7.174095622	0.078039990
63346.400000000	7.175300969	0.077414211
63406.400000000	7.174121270	0.076933218
63466.400000000	7.173504583	0.078465279
63526.400000000	7.176984325	0.077182381
63586.400000000	7.188567590	0.076766659
63646.400000000	7.177842573	0.078742111
63706.400000000	7.180910249	0.079486351
63766.400000000	7.184793943	0.078432646
63826.400000000	7.187312154	0.077875799
63886.400000000	7.192210231	0.080271539
63946.400000000	7.192984360	0.079502453
64006.400000000	7.192582846	0.078203836
64066.400000000	7.194358901	0.078904499
64126.400000000	7.202017495	0.078969361
64186.400000000	7.203304797	0.078693329
64246.400000000	7.212998267	0.078677061
64306.400000000	7.214112835	0.077645348
64366.400000000	7.208715836	0.076783332
64426.400000000	7.206857845	0.076999740
64486.400000000	7.220209415	0.077925092
64546.400000000	7.220098614	0.077049594
64606.400000000	7.225538042	0.080383083
64666.400000000	7.229321407	0.081317157
64726.400000000	7.224320037	0.079405793
64786.400000000	7.233117170	0.079034170
64846.400000000	7.236652265	0.077925092
64906.400000000	7.243303114	0.078872048
64966.400000000	7.242803877	0.080175807
65026.400000000	7.242169841	0.078121956
65086.400000000	7.242872358	0.079260583
65146.400000000	7.249769100	0.080111922
65206.400000000	7.259017013	0.078855818
65266.400000000	7.253308211	0.077859360
65326.400000000	7.259364159	0.076716621
65386.400000000	7.265270814	0.079357419
65446.400000000	7.260422026	0.079341288
65506.400000000	7.273310113	0.083200000
65566.400000000	7.276348535	0.078007179
65626.400000000	7.281306476	0.079759639
65686.400000000	7.287163509	0.077892233
65746.400000000	7.291908941	0.078269279
65806.400000000	7.292693330	0.078220202
65866.400000000	7.293898820	0.079695420
65926.400000000	7.285538553	0.079131283
65986.400000000	7.297288263	0.080478569
66046.400000000	7.292323635	0.079951986
66106.400000000	7.298800997	0.080079960
66166.400000000	7.300551212	0.078138339
66226.400000000	7.308997195	0.077116016
66286.400000000	7.310618031	0.076699935
66346.400000000	7.312323844	0.077016362
66406.400000000	7.316441758	0.080000000
66466.400000000	7.312821617	0.080271539
66526.400000000	7.313195745	0.080716789
66586.400000000	7.324626953	0.080526269
66646.400000000	7.322686939	0.079195959
66706.400000000	7.319519110	0.077182381
66766.400000000	7.328198687	0.078823347
66826.400000000	7.321558304	0.078693329
66886.400000000	7.322654164	0.080351229
66946.400000000	7.329928785	0.079244432
67006.400000000	7.327387529	0.080637460
67066.400000000	7.334374956	0.079486351
67126.400000000	7.328659359	0.077645348
67186.400000000	7.326523869	0.078677061
67246.400000000	7.327411548	0.079276731
67306.400000000	7.327445394	0.079727536
67366.400000000	7.330550866	0.077397674
67426.400000000	7.329391789	0.077957937
67486.400000000	7.328367895	0.079775686
67546.400000000	7.334632370	0.079534647
67606.400000000	7.331107420	0.078530504
67666.400000000	7.328636435	0.079679357
67726.400000000	7.332712459	0.081128047
67786.400000000	7.334697812	0.078709593
67846.400000000	7.328167029	0.081254169
67906.400000000	7.333076844	0.081348632
67966.400000000	7.332761553	0.076866638
68026.400000000	7.328265279	0.079566827
68086.400000000	7.325004846	0.080079960
68146.400000000	7.324156197	0.079711480
68206.400000000	7.324821363	0.082225057
68266.400000000	7.321752796	0.076716621
68326.400000000	7.313922067	0.080573941
68386.400000000	7.325098771	0.078936937
68446.400000000	7.322100245	0.078677061
68506.400000000	7.315936577	0.080526269
68566.400000000	7.308004379	0.081364366
68626.400000000	7.314342076	0.081741055
68686.400000000	7.316228537	0.080732645
68746.400000000	7.308377659	0.081584312
68806.400000000	7.305294518	0.081584312
68866.400000000	7.302181592	0.079082741
68926.400000000	7.305973446	0.079663291
68986.400000000	7.304610051	0.080111922
69046.400000000	7.300146848	0.081537231
69106.400000000	7.295651307	0.083107641
69166.400000000	7.291310993	0.080621585
69226.400000000	7.302470815	0.079566827
69286.400000000	7.287788142	0.082613316
69346.400000000	7.294563455	0.081850596
69406.400000000	7.279218639	0.083690860
69466.400000000	7.286790240	0.080589826
69526.400000000	7.276158327	0.080047986
69586.400000000	7.270038239	0.082768110
69646.400000000	7.268554739	0.084102794
69706.400000000	7.266579938	0.084300415
69766.400000000	7.261670331	0.081850596
69826.400000000	7.255263469	0.082069239
69886.400000000	7.263824888	0.081552928
69946.400000000	7.247402845	0.082984336
70006.400000000	7.250036138	0.082489272
70066.400000000	7.245785534	0.081505828
70126.400000000	7.252853783	0.080542163
70186.400000000	7.239629825	0.081191133
70246.400000000	7.238763430	0.082053641
70306.400000000	7.239551367	0.080954308
70366.400000000	7.233307404	0.080906860
70426.400000000	7.232597320	0.081064912
70486.400000000	7.231918141	0.081959990
70546.400000000	7.227717759	0.081364366
70606.400000000	7.220993837	0.083445791
70666.400000000	7.221182175	0.081411547
70726.400000000	7.212471421	0.081928750
70786.400000000	7.208593760	0.079919960
70846.400000000	7.202700605	0.079711480
70906.400000000	7.208655908	0.082783573
70966.400000000	7.207718085	0.081662721
71026.400000000	7.201517618	0.080875213
71086.400000000	7.196458018	0.082318406
71146.400000000	7.194898192	0.082938049
71206.400000000	7.196868208	0.082302855
71266.400000000	7.201156574	0.081928750
71326.400000000	7.195879932	0.082675268
71386.400000000	7.187394521	0.082644298
71446.400000000	7.186794557	0.083950462
71506.400000000	7.191410432	0.083889451
71566.400000000	7.187889816	0.081788019
71626.400000000	7.187017184	0.084830183
71686.400000000	7.181471715	0.085026114
71746.400000000	7.183842983	0.081928750
71806.400000000	7.181131944	0.081364366
71866.400000000	7.180291916	0.080780196
71926.400000000	7.176561851	0.082256185
71986.400000000	7.173933928	0.081944371
72046.400000000	7.174852751	0.082799034
72106.400000000	7.176084726	0.082582323
72166.400000000	7.174754630	0.082968910
72226.400000000	7.175257487	0.081285669
72286.400000000	7.179373789	0.082799034
72346.400000000	7.175829429	0.080478569
72406.400000000	7.178716320	0.084920669
72466.400000000	7.171866145	0.083889451
72526.400000000	7.176721257	0.081647045
72586.400000000	7.169186286	0.082162765
72646.400000000	7.174414541	0.085386650
72706.400000000	7.174339830	0.085086309
72766.400000000	7.167123830	0.083015179
72826.400000000	7.170516299	0.085670999
72886.400000000	7.171277153	0.084163650
72946.400000000	7.171322891	0.085296659
73006.400000000	7.169946164	0.082458232
73066.400000000	7.170358987	0.083076832
73126.400000000	7.178166897	0.082999759
73186.400000000	7.181825952	0.083153833
73246.400000000	7.179543161	0.082084834
73306.400000000	7.180106963	0.083200000
73366.400000000	7.181864939	0.082768110
73426.400000000	7.180664036	0.084072350
73486.400000000	7.185237087	0.084041894
73546.400000000	7.190017524	0.084026662
73606.400000000	7.177295312	0.083752015
73666.400000000	7.182845119	0.084452117
73726.400000000	7.194213230	0.082721702
73786.400000000	7.190443658	0.085296659
73846.400000000	7.198194218	0.084724495
73906.400000000	7.203249267	0.081741055
73966.400000000	7.203228165	0.083184614
74026.400000000	7.204607415	0.084421798
74086.400000000	7.197542914	0.082829946
74146.400000000	7.214353471	0.084890518
74206.400000000	7.208172029	0.085790442
74266.400000000	7.212653326	0.082891737
74326.400000000	7.218398714	0.084118012
74386.400000000	7.218842012	0.083828396
74446.400000000	7.218205871	0.086607159
74506.400000000	7.214967775	0.082644298
74566.400000000	7.224421915	0.085386650
74626.400000000	7.229826001	0.086385184
74686.400000000	7.233147033	0.083736730
74746.400000000	7.226707134	0.086147780
74806.400000000	7.232647095	0.082504788
74866.400000000	7.240240880	0.081143823
74926.400000000	7.242837013	0.083599043
74986.400000000	7.245921335	0.084254851
75046.400000000	7.254200438	0.082783573
75106.400000000	7.252745687	0.083752015
75166.400000000	7.256982293	0.081191133
75226.400000000	7.257847615	0.083996190
75286.400000000	7.258929949	0.083996190
75346.400000000	7.258934357	0.085865010
75406.400000000	7.261418043	0.082084834
75466.400000000	7.268041827	0.083874192
75526.400000000	7.272443331	0.085521459
75586.400000000	7.266182492	0.085685938
75646.400000000	7.280272522	0.086013952
75706.400000000	7.277325882	0.082396116
75766.400000000	7.287014203	0.082953481
75826.400000000	7.284017573	0.083107641
75886.400000000	7.282626999	0.083522452
75946.400000000	7.287199737	0.083599043
76006.400000000	7.286644221	0.085999070
76066.400000000	7.289145903	0.084421798
76126.400000000	7.302012873	0.083599043
76186.400000000	7.291705973	0.082706227
76246.400000000	7.289809874	0.085146462
76306.400000000	7.297031725	0.083507125
76366.400000000	7.300945692	0.083568415
76426.400000000	7.301458484	0.084467272
76486.400000000	7.303607876	0.083813125
76546.400000000	7.306589902	0.084087573
76606.400000000	7.311435427	0.085371658
76666.400000000	7.317095599	0.083980950
76726.400000000	7.310633351	0.084815093
76786.400000000	7.311515301	0.085176523
76846.400000000	7.320389061	0.084467272
76906.400000000	7.318005193	0.083476464
76966.400000000	7.315082501	0.085101351
77026.400000000	7.319372651	0.084391469
77086.400000000	7.318621728	0.082271745
77146.400000000	7.312214439	0.084361128
77206.400000000	7.313034938	0.083200000
77266.400000000	7.322667274	0.082597821
77326.400000000	7.324158382	0.082613316
77386.400000000	7.315626016	0.085296659
77446.400000000	7.321497115	0.083935213
77506.400000000	7.323334760	0.083123041
